lastAccountName: Litman
timestamps:
  login: 1719323657737
  lastteleport: 1719324089819
ipAddress: 127.0.0.1
lastlocation:
  world: world
  x: 527.5036783485702
  y: 74.11758172453835
  z: -545.2168113530179
  yaw: -0.16273364
  pitch: 1.2607455
money: '4456.0'
