jails: 
  l: 
    world: Plotworld
    x: -34.97487928952838
    y: 66.0
    z: 849.7400486955091
    yaw: 12.998519
    pitch: 46.650017
