world: Mines
x: -1022.7165332478253
y: 86.0
z: -2384.502126754803
yaw: -270.1522
pitch: 2.7135487
name: a
