world: world
x: 525.5
y: 54.0
z: -553.5
yaw: -89.62619
pitch: 0.938839
name: ah
