world: Mines
x: -920.5166909605755
y: 101.0625
z: -2572.5191922556273
yaw: 179.84442
pitch: 1.5825917
name: b
