world: Mines
x: -691.5130351955302
y: 65.0
z: -3149.4635310233502
yaw: -0.36791992
pitch: 3.6388254
name: c
