world: world
x: 514.3294330805511
y: 52.0
z: -571.5257157418516
yaw: 88.72385
pitch: 5.738831
name: casino
