world: Mines
x: -1780.4955577167475
y: 32.0
z: -920.5965288530543
yaw: 359.83658
pitch: 2.3021321
name: champion
