world: world
x: 519.4015039090638
y: 52.0
z: -552.4711444462678
yaw: 90.18349
pitch: 1.0838093
name: crate
