world: Mines
x: -716.6253204409367
y: 79.0
z: -2893.347406834752
yaw: 162.17616
pitch: 5.695074
name: d
