world: Mines
x: -891.5107732598283
y: 71.0
z: -3058.52376538192
yaw: 359.71954
pitch: 1.7882304
name: e
