world: Mines
x: -851.4404379444395
y: 79.0
z: -3263.5646967759135
yaw: 359.80624
pitch: 5.0781946
name: f
