world: world
x: 425.5
y: 81.0
z: -573.5
yaw: 129.67386
pitch: 4.838857
name: foods
