world: world
x: 425.2314440572693
y: 81.0
z: -573.6317311382649
yaw: 129.67386
pitch: 4.838857
name: food
