world: world
x: 527.4817217968003
y: 73.0
z: -550.3427136513096
yaw: -0.36834833
pitch: 1.4663723
name: free
