world: world
x: 527.5
y: 73.0
z: -550.5
yaw: -0.16273364
pitch: 1.2607455
name: Freezone
