world: Free
x: 25.5
y: 69.0
z: 232.5
yaw: 0.86631626
pitch: 1.4730566
name: Freeworld
