world: Mines
x: -1094.7351987113072
y: 34.0
z: -862.3223999130369
yaw: -56.208527
pitch: 6.5176764
name: g
