world: Mines
x: -854.5301077409523
y: 28.0
z: -1001.4665641189755
yaw: -40.0495
pitch: 1.7061701
name: h
