world: Mines
x: -546.7397275237681
y: 84.0
z: -2944.513053259996
yaw: -269.6988
pitch: 2.2924204
name: i
