world: Mines
x: -548.632433140642
y: 56.0
z: -2327.483304051404
yaw: -271.0266
pitch: 2.5079067
name: J
