world: Mines
x: -534.51622908929
y: 89.0
z: -2432.5063974148243
yaw: 179.72252
pitch: 2.405106
name: k
