world: Mines
x: -258.5003122556992
y: 83.0
z: -2488.4764503122697
yaw: 0.29434633
pitch: -3.7500443
name: l
