world: Mines
x: -1473.9138321757048
y: 31.0
z: -1003.935711011653
yaw: -304.10022
pitch: 6.723117
name: Legend
