world: Mines
x: -174.47186937875398
y: 68.0
z: -2438.4910685592245
yaw: 181.5097
pitch: -0.29999393
name: m
