world: world
x: 512.389762955797
y: 56.5
z: -604.4801512982308
yaw: -90.226265
pitch: 2.2888389
name: mine
