world: Mines
x: -1447.4650835157565
y: 28.0
z: -891.4911662026856
yaw: -269.98163
pitch: 0.24607535
name: Mystic
