world: Mines
x: -36.413504091533525
y: 54.0
z: -2471.529057157117
yaw: 1.5909975
pitch: 2.4510171
name: n
