world: Mines
x: -9.438712566964828
y: 72.0
z: -2351.425166021904
yaw: 91.43735
pitch: -0.81145316
name: o
