world: Mines
x: -59.49477516478184
y: 75.0
z: -2254.6202405245704
yaw: 29.83429
pitch: 0.60000783
name: p
