world: Mines
x: -1759.2006921221366
y: 56.0
z: -1005.4904359855819
yaw: 89.42881
pitch: 3.3304114
name: Platinum
