world: Plots
x: 45.5
y: 79.0
z: -44.5
yaw: 219.19318
pitch: 3.392766
name: Plots
