world: world
x: 522.4914436885008
y: 74.0625
z: -215.73630883911977
yaw: 179.78542
pitch: 0.86284435
name: pvp
