world: Mines
x: -149.538080983314
y: 51.0
z: -2297.626485782025
yaw: -0.923584
pitch: 1.6499438
name: q
