world: Mines
x: -147.435473243434
y: 59.0
z: -2373.598198621249
yaw: 4.679675
pitch: 10.799971
name: r
