world: Mines
x: -236.31975711948425
y: 77.0
z: -2336.5557786718828
yaw: -89.520325
pitch: 2.8500023
name: s
