world: world
x: 532.9839364927501
y: 54.0
z: -547.474688330825
yaw: 269.82178
pitch: 3.3170013
name: shop
