world: Mines
x: -323.48911489277066
y: 53.0
z: -2261.5000659228376
yaw: -88.73936
pitch: -0.6000036
name: t
