world: Mines
x: -441.6559104713571
y: 63.0
z: -2228.8913302437086
yaw: -128.25714
pitch: 5.2856755
name: u
