world: Mines
x: -1570.3286527317744
y: 31.0
z: -1043.2932796185532
yaw: -305.997
pitch: 2.9191864
name: Ultra
