world: Mines
x: -427.5405947110854
y: 45.0
z: -2337.546456581702
yaw: -267.61267
pitch: 5.0880775
name: v
