world: Mines
x: -440.5024451114922
y: 93.0
z: -2439.367351754984
yaw: -180.98956
pitch: -2.6999805
name: w
