world: world
x: 531.4686299737447
y: 54.0
z: -546.3031615079223
yaw: -0.37628174
pitch: 2.7388685
name: withdraw
