world: Mines
x: -343.58317045959484
y: 89.0
z: -2373.5669183368573
yaw: -359.4187
pitch: -0.95036393
name: x
