world: Mines
x: -364.52793587642117
y: 72.0
z: -2431.484242689172
yaw: -176.36096
pitch: 3.4499784
name: y
