world: Mines
x: -1658.4918841682606
y: 26.0625
z: -758.52665327878
yaw: -0.13113403
pitch: 3.227592
name: z
